[gd_scene load_steps=8 format=2]

[ext_resource path="res://assets/elevator/elevator box.tscn" type="PackedScene" id=1]
[ext_resource path="res://assets/elevator/elevator corridor.glb" type="PackedScene" id=3]

[sub_resource type="BoxShape" id=4]
extents = Vector3( 1.73263, 0.0358, 1.74567 )

[sub_resource type="BoxShape" id=5]
extents = Vector3( 0.267394, 1.56413, 0.256867 )

[sub_resource type="SpatialMaterial" id=2]

[sub_resource type="SpatialMaterial" id=3]
albedo_color = Color( 0, 0, 0, 1 )
metallic_specular = 1.0
roughness = 0.5

[sub_resource type="CubeMesh" id=1]
size = Vector3( 0.2, 2.551, 1.1 )

[node name="elevator corridor" instance=ExtResource( 3 )]
transform = Transform( 0.707107, 0, 0.707107, 0, 1, 0, -0.707107, 0, 0.707107, 0, 0, 0 )

[node name="StaticBody" type="StaticBody" parent="." index="0"]
transform = Transform( 0.707107, 0, -0.707107, 0, 1, 0, 0.707107, 0, 0.707107, 0, 0.0302982, 0 )

[node name="CollisionShape" type="CollisionShape" parent="StaticBody" index="0"]
transform = Transform( 0.707107, 0, 0.707107, 0, 1, 0, -0.707107, 0, 0.707107, 0, -0.0643319, 0 )
shape = SubResource( 4 )

[node name="CollisionShape2" type="CollisionShape" parent="StaticBody" index="1"]
transform = Transform( 0.707107, 0, 0.707107, 0, 1, 0, -0.707107, 0, 0.707107, 0, 3.0076, 0 )
shape = SubResource( 4 )

[node name="CollisionShape3" type="CollisionShape" parent="StaticBody" index="2"]
transform = Transform( 0.707107, 0, 0.707107, 0, 1, 0, -0.707107, 0, 0.707107, 0.181111, 1.46835, -1.95325 )
shape = SubResource( 5 )

[node name="CollisionShape4" type="CollisionShape" parent="StaticBody" index="3"]
transform = Transform( 0.707107, 0, 0.707107, 0, 1, 0, -0.707107, 0, 0.707107, 0.181, 1.468, 1.953 )
shape = SubResource( 5 )

[node name="CollisionShape5" type="CollisionShape" parent="StaticBody" index="4"]
transform = Transform( 0.707107, 0, 0.707107, 0, 1, 0, -0.707107, 0, 0.707107, 1.78464, 1.468, -0.00661677 )
shape = SubResource( 5 )

[node name="elevator corridor" parent="." index="1"]
transform = Transform( -0.707106, 0, -0.707107, 0, 1, 0, 0.707107, 0, -0.707106, 0, 0, 0 )
material/0 = SubResource( 2 )
material/1 = SubResource( 3 )

[node name="elevator box" parent="." index="2" instance=ExtResource( 1 )]
transform = Transform( 1, 0, 0, 0, 1, 0, 0, 0, 1, 0, 0, 0 )

[node name="elevator box2" parent="." index="3" instance=ExtResource( 1 )]
transform = Transform( 0, 0, -1, 0, 1, 0, 1, 0, 0, 0, 0, 0 )

[node name="elevator external doors" type="Spatial" parent="." index="4"]

[node name="door3" type="MeshInstance" parent="elevator external doors" index="0"]
transform = Transform( 0, 0, -1, 0, 1, 0, 1, 0, 0, 0.55, 1.266, 1.558 )
mesh = SubResource( 1 )
skeleton = NodePath("")
material/0 = null

[node name="door4" type="MeshInstance" parent="elevator external doors" index="1"]
transform = Transform( 0, 0, -1, 0, 1, 0, 1, 0, 0, -0.55, 1.266, 1.558 )
mesh = SubResource( 1 )
skeleton = NodePath("")
material/0 = null

[node name="door5" type="MeshInstance" parent="elevator external doors" index="2"]
transform = Transform( 1, 0, 5.96046e-08, 0, 1, 0, -5.96046e-08, 0, 1, 1.545, 1.266, -0.55 )
mesh = SubResource( 1 )
skeleton = NodePath("")
material/0 = null

[node name="door6" type="MeshInstance" parent="elevator external doors" index="3"]
transform = Transform( 1, 0, 5.96046e-08, 0, 1, 0, -5.96046e-08, 0, 1, 1.545, 1.266, 0.55 )
mesh = SubResource( 1 )
skeleton = NodePath("")
material/0 = null
