[gd_scene load_steps=15 format=2]

[ext_resource path="res://assets/elevator/elevator box.tscn" type="PackedScene" id=1]
[ext_resource path="res://assets/elevator/elevator.gd" type="Script" id=2]
[ext_resource path="res://assets/elevator/elevator corridor.glb" type="PackedScene" id=3]
[ext_resource path="res://assets/elevator/leftbtn.gd" type="Script" id=4]
[ext_resource path="res://assets/elevator/rightbtn.gd" type="Script" id=5]

[sub_resource type="BoxShape" id=4]
extents = Vector3( 1.73263, 0.0358, 1.74567 )

[sub_resource type="BoxShape" id=5]
extents = Vector3( 0.267394, 1.56413, 0.256867 )

[sub_resource type="SpatialMaterial" id=2]

[sub_resource type="SpatialMaterial" id=3]
albedo_color = Color( 0, 0, 0, 1 )
metallic_specular = 1.0
roughness = 0.5

[sub_resource type="CubeMesh" id=1]
size = Vector3( 0.2, 2.551, 1.1 )

[sub_resource type="Animation" id=6]
resource_name = "OpenExternal"
tracks/0/type = "transform"
tracks/0/path = NodePath("elevator external doors/rightextleft")
tracks/0/interp = 1
tracks/0/loop_wrap = true
tracks/0/imported = false
tracks/0/enabled = true
tracks/0/keys = PoolRealArray( 0, 1, 0.55, 1.266, 1.558, 0, -0.707107, 0, 0.707107, 1, 1, 1, 1, 1, 1.496, 1.266, 1.558, 0, -0.707107, 0, 0.707107, 1, 1, 1 )
tracks/1/type = "transform"
tracks/1/path = NodePath("elevator external doors/rightextright")
tracks/1/interp = 1
tracks/1/loop_wrap = true
tracks/1/imported = false
tracks/1/enabled = true
tracks/1/keys = PoolRealArray( 0, 1, -0.55, 1.266, 1.558, 0, -0.707107, 0, 0.707107, 1, 1, 1, 1, 1, -1.552, 1.266, 1.558, 0, -0.707107, 0, 0.707107, 1, 1, 1 )
tracks/2/type = "transform"
tracks/2/path = NodePath("elevator external doors/leftextleft")
tracks/2/interp = 1
tracks/2/loop_wrap = true
tracks/2/imported = false
tracks/2/enabled = true
tracks/2/keys = PoolRealArray( 0, 1, 1.545, 1.266, -0.55, 0, 2.98023e-08, 0, 1, 1, 1, 1, 1, 1, 1.545, 1.266, -1.564, 0, 2.98023e-08, 0, 1, 1, 1, 1 )
tracks/3/type = "transform"
tracks/3/path = NodePath("elevator external doors/leftextright")
tracks/3/interp = 1
tracks/3/loop_wrap = true
tracks/3/imported = false
tracks/3/enabled = true
tracks/3/keys = PoolRealArray( 0, 1, 1.545, 1.266, 0.55, 0, 2.98023e-08, 0, 1, 1, 1, 1, 1, 1, 1.545, 1.266, 1.792, 0, 2.98023e-08, 0, 1, 1, 1, 1 )

[sub_resource type="SpatialMaterial" id=8]
albedo_color = Color( 0.447059, 0.447059, 0.447059, 1 )

[sub_resource type="BoxShape" id=9]
extents = Vector3( 0.269882, 0.375852, 0.872181 )

[sub_resource type="BoxShape" id=10]
extents = Vector3( 0.376, 0.376, 0.49639 )

[node name="elevator corridor" instance=ExtResource( 3 )]
transform = Transform( 0.707107, 0, 0.707107, 0, 1, 0, -0.707107, 0, 0.707107, 0, 0, 0 )
script = ExtResource( 2 )

[node name="StaticBody" type="StaticBody" parent="." index="0"]
transform = Transform( 0.707107, 0, -0.707107, 0, 1, 0, 0.707107, 0, 0.707107, 0, 0.0302982, 0 )

[node name="CollisionShape" type="CollisionShape" parent="StaticBody" index="0"]
transform = Transform( 0.707107, 0, 0.707107, 0, 1, 0, -0.707107, 0, 0.707107, 0, -0.0643319, 0 )
shape = SubResource( 4 )

[node name="CollisionShape2" type="CollisionShape" parent="StaticBody" index="1"]
transform = Transform( 0.707107, 0, 0.707107, 0, 1, 0, -0.707107, 0, 0.707107, 0, 3.0076, 0 )
shape = SubResource( 4 )

[node name="CollisionShape3" type="CollisionShape" parent="StaticBody" index="2"]
transform = Transform( 0.707107, 0, 0.707107, 0, 1, 0, -0.707107, 0, 0.707107, 0.181111, 1.46835, -1.95325 )
shape = SubResource( 5 )

[node name="CollisionShape4" type="CollisionShape" parent="StaticBody" index="3"]
transform = Transform( 0.707107, 0, 0.707107, 0, 1, 0, -0.707107, 0, 0.707107, 0.181, 1.468, 1.953 )
shape = SubResource( 5 )

[node name="CollisionShape5" type="CollisionShape" parent="StaticBody" index="4"]
transform = Transform( 0.707107, 0, 0.707107, 0, 1, 0, -0.707107, 0, 0.707107, 1.78464, 1.468, -0.00661677 )
shape = SubResource( 5 )

[node name="elevator corridor" parent="." index="1"]
transform = Transform( -0.707106, 0, -0.707107, 0, 1, 0, 0.707107, 0, -0.707106, 0, 0, 0 )
material/0 = SubResource( 2 )
material/1 = SubResource( 3 )

[node name="elevator box" parent="." index="2" instance=ExtResource( 1 )]

[node name="elevator box2" parent="." index="3" instance=ExtResource( 1 )]
transform = Transform( 0, 0, -1, 0, 1, 0, 1, 0, 0, 0, 0, 0 )

[node name="elevator external doors" type="Spatial" parent="." index="4"]

[node name="rightextleft" type="MeshInstance" parent="elevator external doors" index="0"]
transform = Transform( 0, 0, -1, 0, 1, 0, 1, 0, 0, 0.55, 1.266, 1.558 )
mesh = SubResource( 1 )
skeleton = NodePath("")
material/0 = null

[node name="rightextright" type="MeshInstance" parent="elevator external doors" index="1"]
transform = Transform( 0, 0, -1, 0, 1, 0, 1, 0, 0, -0.55, 1.266, 1.558 )
mesh = SubResource( 1 )
skeleton = NodePath("")
material/0 = null

[node name="leftextleft" type="MeshInstance" parent="elevator external doors" index="2"]
transform = Transform( 1, 0, 5.96046e-08, 0, 1, 0, -5.96046e-08, 0, 1, 1.545, 1.266, -0.55 )
mesh = SubResource( 1 )
skeleton = NodePath("")
material/0 = null

[node name="leftextright" type="MeshInstance" parent="elevator external doors" index="3"]
transform = Transform( 1, 0, 5.96046e-08, 0, 1, 0, -5.96046e-08, 0, 1, 1.545, 1.266, 0.55 )
mesh = SubResource( 1 )
skeleton = NodePath("")
material/0 = null

[node name="AnimationPlayer" type="AnimationPlayer" parent="." index="5"]
anims/OpenExternal = SubResource( 6 )

[node name="elevator button" parent="." index="6"]
transform = Transform( 0.315748, 0, 7.45058e-09, 0, 0.67608, 0, -1.49012e-08, 0, 0.138232, 0, 0, 0 )
material/0 = SubResource( 8 )

[node name="leftbtn" type="Area" parent="elevator button" index="0"]
transform = Transform( 0.999999, 0, 3.57628e-07, 0, 1, 0, -3.57628e-07, 0, 1, 4.09559, 1.95549, -8.7061 )
collision_layer = 8
collision_mask = 2
script = ExtResource( 4 )

[node name="CollisionShape" type="CollisionShape" parent="elevator button/leftbtn" index="0"]
transform = Transform( 1, 0, -2.98023e-08, 0, 1, 0, 1.19209e-07, 0, 1, 0, 0.0951587, 0 )
shape = SubResource( 9 )

[node name="rightbtn" type="Area" parent="elevator button" index="1"]
collision_layer = 8
collision_mask = 2
script = ExtResource( 5 )

[node name="CollisionShape" type="CollisionShape" parent="elevator button/rightbtn" index="0"]
transform = Transform( 0.999997, 0, 1.49012e-08, 0, 1, 0, -3.57628e-07, 0, 1, -3.89158, 2.04699, 9.01823 )
shape = SubResource( 10 )
